0 2.05521e-06 2.05521e-06
0 2.20144e-06 2.20144e-06
0 1.75902e-06 1.75902e-06
0 1.55214e-06 1.55214e-06
0 1.78392e-06 1.78392e-06
0 2.26217e-06 2.26217e-06
0 1.82648e-06 1.82648e-06
0 1.72027e-06 1.72027e-06
0 1.98006e-06 1.98006e-06
0 1.99775e-06 1.99775e-06
0 2.15742e-06 2.15742e-06
0 1.69696e-06 1.69696e-06
0 1.88603e-06 1.88603e-06
0 2.22441e-06 2.22441e-06
0 2.18465e-06 2.18465e-06
0 2.33283e-06 2.33283e-06
0 1.9724e-06 1.9724e-06
0 2.20703e-06 2.20703e-06
0 1.98426e-06 1.98426e-06
0 1.8908e-06 1.8908e-06
