1.19209e-06 8.21747e-07 1.23619e-06
1.19209e-06 8.16362e-07 1.24442e-06
1.19209e-06 8.17789e-07 1.2441e-06
1.19209e-06 8.27888e-07 1.24297e-06
1.19209e-06 8.15635e-07 1.24404e-06
1.19209e-06 8.24512e-07 1.23866e-06
1.19209e-06 8.25705e-07 1.23933e-06
1.19209e-06 8.30885e-07 1.24841e-06
1.19209e-06 8.25559e-07 1.23377e-06
1.19209e-06 8.21688e-07 1.24125e-06
1.19209e-06 8.24628e-07 1.2386e-06
1.19209e-06 8.21368e-07 1.24541e-06
1.19209e-06 8.13016e-07 1.25272e-06
1.19209e-06 8.27771e-07 1.24588e-06
1.19209e-06 8.34814e-07 1.24378e-06
1.19209e-06 8.20321e-07 1.24198e-06
1.19209e-06 8.2748e-07 1.23726e-06
1.19209e-06 8.23988e-07 1.23563e-06
1.19209e-06 8.30332e-07 1.24605e-06
1.19209e-06 8.23085e-07 1.23904e-06
