0 2.31011e-07 2.31011e-07
0 2.31237e-07 2.31237e-07
0 2.31332e-07 2.31332e-07
0 2.31205e-07 2.31205e-07
0 2.31536e-07 2.31536e-07
0 2.32135e-07 2.32135e-07
0 2.32013e-07 2.32013e-07
0 2.31661e-07 2.31661e-07
0 2.31305e-07 2.31305e-07
0 2.31661e-07 2.31661e-07
0 2.31425e-07 2.31425e-07
0 2.31414e-07 2.31414e-07
0 2.31239e-07 2.31239e-07
0 2.30949e-07 2.30949e-07
0 2.31818e-07 2.31818e-07
0 2.31615e-07 2.31615e-07
0 2.31698e-07 2.31698e-07
0 2.3106e-07 2.3106e-07
0 2.31644e-07 2.31644e-07
0 2.31079e-07 2.31079e-07
