1.42754 45.439 114.631
0.308021 0.322208 0.33792
0.323624 0.338592 0.344064
0.301435 0.334048 0.34816
0.311967 0.339072 0.346144
0.341702 0.336288 0.344928
0.306454 0.95232 0.34944
0.331072 0.338304 0.346144
0.296364 0.34272 0.343712
0.309516 0.333824 0.362304
0.291519 0.322944 0.348448
0.340397 0.404544 0.347968
0.329685 0.358624 0.349728
0.307659 0.353088 0.348704
0.295651 0.352256 0.348256
0.334389 0.351616 0.348864
0.305245 0.358432 0.34832
0.365527 0.356384 0.349696
0.290148 0.366592 0.34816
0.320559 0.356896 0.350176
