0 1.4571e-08 1.4571e-08
0 1.45583e-08 1.45583e-08
0 1.45801e-08 1.45801e-08
0 1.4571e-08 1.4571e-08
0 1.45619e-08 1.45619e-08
0 1.45646e-08 1.45646e-08
0 1.45692e-08 1.45692e-08
0 1.45574e-08 1.45574e-08
0 1.45656e-08 1.45656e-08
0 1.45665e-08 1.45665e-08
0 1.4561e-08 1.4561e-08
0 1.45601e-08 1.45601e-08
0 1.45792e-08 1.45792e-08
0 1.45601e-08 1.45601e-08
0 1.45656e-08 1.45656e-08
0 1.45665e-08 1.45665e-08
0 1.45892e-08 1.45892e-08
0 1.45728e-08 1.45728e-08
0 1.45592e-08 1.45592e-08
0 1.45455e-08 1.45455e-08
