475.163 2376.13 139.643
0.280635 0.329312 1.14541
2.69389 0.339968 1.14717
0.269268 0.33184 1.14592
0.260649 0.342368 1.15786
0.261316 0.30912 1.15072
0.275143 0.308928 1.15184
0.297322 0.33024 1.14278
0.289971 0.328224 1.14074
0.272447 0.346656 1.13984
0.271367 0.30976 1.13824
0.298247 0.344064 1.14701
0.285603 0.33024 1.14682
0.272264 0.341696 1.13968
0.291171 0.336608 1.14483
0.292947 0.328544 1.14688
0.286238 0.332032 1.14282
0.4036 0.336576 1.14893
0.290882 0.358464 1.14496
0.272239 0.357312 1.13459
