16.694 4.78224 7.49149
0.066602 0.211008 0.074848
0.044359 0.156128 0.071296
0.03962 0.128864 0.071648
0.039228 0.123392 0.070592
0.047455 0.172032 0.075936
0.042264 0.137216 0.07168
0.042331 0.129248 0.08096
0.041684 0.128992 0.071552
0.049801 0.158048 0.071712
0.049796 0.155648 0.073728
0.050285 0.165216 0.072928
0.053565 0.163744 0.075584
0.052165 0.174912 0.073696
0.048805 0.178912 0.081024
0.045345 0.145376 0.07344
0.049849 0.161792 0.073696
0.04951 0.188032 0.072736
0.057304 0.17872 0.073952
0.051604 0.16592 0.071808
