5.3132e-07 5.47232e-07 6.5285e-07
5.3132e-07 5.44547e-07 6.37767e-07
5.3132e-07 5.45289e-07 6.38538e-07
5.3132e-07 5.42168e-07 6.50245e-07
5.3132e-07 5.45158e-07 6.50602e-07
5.3132e-07 5.41775e-07 6.41965e-07
5.3132e-07 5.46461e-07 6.5285e-07
5.3132e-07 5.40727e-07 6.34354e-07
5.3132e-07 5.43485e-07 6.50631e-07
5.3132e-07 5.4601e-07 6.34675e-07
5.3132e-07 5.43638e-07 6.28854e-07
5.3132e-07 5.38523e-07 6.4529e-07
5.3132e-07 5.59638e-07 6.31917e-07
5.3132e-07 5.42525e-07 6.46483e-07
5.3132e-07 5.42328e-07 6.35111e-07
5.3132e-07 5.40771e-07 6.40364e-07
5.3132e-07 5.45522e-07 6.43413e-07
5.3132e-07 5.44765e-07 6.38247e-07
5.3132e-07 5.40487e-07 6.44097e-07
5.3132e-07 5.39338e-07 6.39877e-07
