861.302 1315.24 9.86963
0.194944 0.34304 0.13952
1.15546 0.241888 0.135168
0.135305 0.256992 0.1576
0.132961 0.23552 0.149088
0.129986 0.225312 0.147392
0.133149 0.223264 0.147456
0.184265 0.253184 0.151424
0.154968 0.241152 0.157696
0.16615 0.230496 0.157408
0.143104 0.224896 0.148288
0.141883 0.233344 0.147456
0.14083 0.226816 0.149792
0.141671 0.22736 0.14912
0.143458 0.219168 0.148992
0.142703 0.217408 0.147552
0.130555 0.225312 0.1488
0.144552 0.233504 0.149792
0.14386 0.223072 0.151552
0.144759 0.216448 0.147264
