0 1.08965e-07 1.08965e-07
0 1.04308e-07 1.04308e-07
0 1.15018e-07 1.15018e-07
0 1.15484e-07 1.15484e-07
0 1.2666e-07 1.2666e-07
0 1.10827e-07 1.10827e-07
0 1.27591e-07 1.27591e-07
0 1.15018e-07 1.15018e-07
0 1.234e-07 1.234e-07
0 1.14553e-07 1.14553e-07
0 1.4063e-07 1.4063e-07
0 1.234e-07 1.234e-07
0 1.23866e-07 1.23866e-07
0 1.22935e-07 1.22935e-07
0 1.25263e-07 1.25263e-07
0 1.15018e-07 1.15018e-07
0 1.32713e-07 1.32713e-07
0 9.59262e-08 9.59262e-08
0 1.25263e-07 1.25263e-07
0 1.31316e-07 1.31316e-07
