0 1.30851e-07 1.30851e-07
0 1.21072e-07 1.21072e-07
0 1.234e-07 1.234e-07
0 1.18278e-07 1.18278e-07
0 1.15018e-07 1.15018e-07
0 1.30385e-07 1.30385e-07
0 1.18278e-07 1.18278e-07
0 1.07102e-07 1.07102e-07
0 1.18278e-07 1.18278e-07
0 1.19209e-07 1.19209e-07
0 1.18278e-07 1.18278e-07
0 1.15018e-07 1.15018e-07
0 1.18278e-07 1.18278e-07
0 1.30385e-07 1.30385e-07
0 1.07102e-07 1.07102e-07
0 1.12224e-07 1.12224e-07
0 1.07102e-07 1.07102e-07
0 1.30385e-07 1.30385e-07
0 1.18278e-07 1.18278e-07
0 1.07102e-07 1.07102e-07
