20.3263 43.3948 10.4653
0.357357 0.382592 0.106144
0.430183 0.446496 0.147744
0.382383 0.362496 0.102688
0.383442 0.415776 0.112288
0.405137 0.417984 0.114208
0.419574 0.449376 0.143296
0.399612 0.421376 0.112672
0.437746 0.431424 0.143008
0.443335 0.424448 0.10448
0.418523 0.39824 0.114176
0.510067 0.455648 0.142944
0.42399 0.44688 0.13792
0.487946 0.443776 0.143616
0.409176 0.440352 0.137184
0.414051 0.448224 0.143392
0.407234 0.442272 0.139136
0.408962 0.45072 0.139072
0.37697 0.430048 0.113856
0.422667 0.452544 0.139008
