30.2833 4.66525 16.5468
0.055741 0.1536 0.23616
0.051501 0.111328 0.235168
0.039061 0.1008 0.23328
0.039503 0.100352 0.231936
0.075079 0.23344 0.24496
0.05971 0.18544 0.241664
0.058698 0.175168 0.24048
0.060963 0.186336 0.242304
0.055561 0.176928 0.239616
0.052383 0.155648 0.24032
0.057343 0.17328 0.241664
0.053307 0.18 0.240224
0.046968 0.141728 0.239744
0.04047 0.13104 0.239648
0.039327 0.155648 0.2456
0.062579 0.207744 0.245952
0.061954 0.174336 0.247904
0.052817 0.173184 0.2512
0.053741 0.166848 0.247168
