425.247 2555.84 287.253
0.230696 0.333824 0.341088
0.227329 0.320064 0.340352
0.258386 0.333728 0.3416
0.233709 0.334464 0.341216
0.260264 0.327776 0.3408
0.242451 0.333824 0.320256
0.263899 0.335168 0.324224
0.282251 0.405664 0.342016
0.279097 0.342016 0.34592
0.230193 0.327744 0.341472
0.249901 0.331776 0.323488
0.25409 0.325344 0.341984
0.258325 0.339968 0.321536
0.257685 0.332256 0.340384
0.262562 0.32208 0.339968
0.316744 0.418304 0.335872
0.259082 0.341952 0.326624
0.244506 0.340512 0.339616
0.247506 0.330368 0.33792
