433.066 1969.84 11.735
0.422128 0.422912 0.428224
0.448858 0.41792 0.43376
0.391497 0.379104 0.403456
0.45232 0.444576 0.432896
0.449443 0.424352 0.43296
0.438834 0.397696 0.407232
0.621775 0.441632 0.444352
0.571466 0.52384 0.436832
0.462028 0.428704 0.435264
0.416961 0.387104 0.403456
0.504391 0.423904 0.436224
0.442918 0.3928 0.385024
0.409432 0.323552 0.378912
0.442023 0.382688 0.405984
0.449094 0.392896 0.404416
0.434508 0.394432 0.401408
0.488853 0.44032 0.413024
0.487065 0.438048 0.433664
0.457528 0.405632 0.403616
