359.506 1993.42 6.60368
0.252204 0.32304 0.394528
0.234833 0.329696 0.394624
0.257669 0.322112 0.393792
0.243986 0.32544 0.394464
0.230971 0.333888 0.39344
0.241441 0.322688 0.393184
0.238325 0.329952 0.393888
0.312441 0.39936 0.396416
0.247803 0.33408 0.392736
0.239344 0.332032 0.395584
0.26683 0.321248 0.393536
0.255412 0.327424 0.395264
0.261099 0.331584 0.39504
0.287558 0.333536 0.400704
0.269369 0.326912 0.544704
0.248724 0.326656 0.39504
0.255346 0.323264 0.393248
0.258047 0.323584 0.395264
0.248993 0.319456 0.393216
