9.38773e-07 0.167961 0.167961
9.38773e-07 0.167959 0.167959
9.38773e-07 0.167961 0.167961
9.38773e-07 0.167954 0.167954
9.38773e-07 0.167957 0.167958
9.38773e-07 0.167955 0.167956
9.38773e-07 0.167957 0.167958
9.38773e-07 0.167961 0.167961
9.38773e-07 0.167961 0.167961
9.38773e-07 0.167961 0.167961
9.38773e-07 0.167961 0.167961
9.38773e-07 0.167957 0.167958
9.38773e-07 0.167961 0.167961
9.38773e-07 0.167961 0.167961
9.38773e-07 0.167954 0.167954
9.38773e-07 0.167961 0.167961
9.38773e-07 0.167961 0.167961
9.38773e-07 0.167957 0.167958
9.38773e-07 0.167957 0.167958
9.38773e-07 0.167954 0.167954
