45.7337 41.4167 3.32595
0.383938 0.339904 0.107584
0.359159 0.344064 0.110368
0.351532 0.345632 0.110304
0.345521 0.35728 0.098624
0.393044 0.330464 0.100352
0.360283 0.3744 0.098304
0.369636 0.355392 0.10032
0.349182 0.351424 0.101632
0.377652 0.361696 0.10096
0.326345 0.357824 0.105632
0.382976 0.436224 0.106752
0.361437 0.482112 0.114176
0.377696 0.427936 0.108064
0.405187 0.43632 0.107552
0.399506 0.430112 0.110592
0.407259 1.07098 0.11264
0.392523 0.434688 0.108768
0.410476 1.06544 0.117312
0.397855 0.429888 0.108128
